POT 4
   50.06    160
   49.33    150
   48.11    140
   46.89    120
   46.72    110
   45.97    100

POT 2
   46.15    150
   42.98    110
   42.74    160
   42.98    110
   43.35    130
   43.83    140
   42.86    140
   42.74    160
   44.20    120
   43.10    120
   45.67    120
   43.59    120
   42.74    120

POT 1
   31.99    150
   31.01    150
   37.85    100
   37.24    100
   39.93     90
   39.93     90
   32.11    160
   37.85    100
   37.24    100
   39.93     90
   39.93     90
   34.07    130
   33.21    140
   32.11    160